Melhor da Populacao Inicial:
  0.890669  -0.340734  -1.321216

Evolucoes:
  0.890669  -0.340734  -1.321216
  0.890669  -0.340429  -1.321229
  0.890669  -0.340429  -1.321229
  0.890669  -0.340429  -1.321229
  0.890669  -0.336522  -1.321350
  0.953231  -0.313085  -1.329916
  1.015671  -0.342687  -1.332825
  1.015671  -0.342687  -1.332825
  1.015671  -0.342687  -1.332825
  1.015671  -0.342443  -1.332839
  1.015671  -0.332677  -1.333086
  1.000046  -0.340490  -1.333180
  1.000107  -0.328771  -1.333271
  1.000046  -0.336584  -1.333302
  1.000107  -0.332677  -1.333332
  1.000107  -0.332677  -1.333332
  1.000107  -0.332677  -1.333332
  1.000107  -0.332677  -1.333332
  1.000107  -0.332677  -1.333332
  1.000107  -0.332677  -1.333332
  1.000107  -0.332677  -1.333332
  1.000107  -0.332677  -1.333332
  1.000107  -0.332677  -1.333332
  1.000107  -0.332677  -1.333332
  1.000107  -0.332677  -1.333332
  1.000107  -0.332677  -1.333332
  1.000107  -0.332921  -1.333333
  1.000107  -0.332921  -1.333333
  1.000107  -0.332921  -1.333333
  1.000107  -0.332921  -1.333333
  1.000107  -0.332921  -1.333333
  1.000107  -0.333654  -1.333333
  1.000107  -0.333654  -1.333333
  1.000107  -0.333654  -1.333333
  1.000107  -0.333532  -1.333333
  1.000107  -0.333532  -1.333333
  1.000107  -0.333532  -1.333333
  1.000107  -0.333532  -1.333333
  1.000107  -0.333532  -1.333333
  1.000107  -0.333532  -1.333333
  1.000107  -0.333165  -1.333333
  1.000107  -0.333165  -1.333333
  1.000107  -0.333165  -1.333333
  1.000107  -0.333165  -1.333333
  1.000107  -0.333165  -1.333333
  1.000107  -0.333165  -1.333333
  1.000107  -0.333165  -1.333333
  1.000107  -0.333165  -1.333333
  1.000107  -0.333165  -1.333333
  1.000107  -0.333165  -1.333333
  1.000107  -0.333165  -1.333333
  1.000107  -0.333165  -1.333333
  1.000046  -0.333165  -1.333333
  1.000046  -0.333227  -1.333333
  1.000046  -0.333227  -1.333333
  1.000107  -0.333410  -1.333333
  1.000107  -0.333410  -1.333333
  1.000107  -0.333410  -1.333333
  1.000107  -0.333410  -1.333333
  1.000107  -0.333410  -1.333333
  1.000107  -0.333410  -1.333333
  1.000107  -0.333410  -1.333333
  1.000107  -0.333410  -1.333333
  1.000107  -0.333410  -1.333333
  1.000107  -0.333410  -1.333333
  1.000107  -0.333410  -1.333333
  1.000107  -0.333410  -1.333333
  1.000107  -0.333410  -1.333333
  1.000107  -0.333410  -1.333333
  1.000107  -0.333410  -1.333333
  1.000107  -0.333410  -1.333333
  1.000107  -0.333410  -1.333333
  1.000107  -0.333410  -1.333333
  1.000107  -0.333410  -1.333333
  1.000107  -0.333410  -1.333333
  1.000107  -0.333410  -1.333333
  1.000107  -0.333410  -1.333333
  1.000107  -0.333410  -1.333333
  1.000107  -0.333410  -1.333333
  1.000107  -0.333288  -1.333333
  1.000107  -0.333288  -1.333333
  1.000107  -0.333288  -1.333333
  1.000107  -0.333288  -1.333333
  1.000107  -0.333288  -1.333333
  1.000107  -0.333288  -1.333333
  1.000107  -0.333288  -1.333333
  1.000107  -0.333288  -1.333333
  1.000107  -0.333288  -1.333333
  1.000107  -0.333288  -1.333333
  1.000107  -0.333288  -1.333333
  1.000107  -0.333288  -1.333333
  1.000107  -0.333288  -1.333333
  1.000107  -0.333288  -1.333333
  1.000107  -0.333288  -1.333333
  1.000107  -0.333349  -1.333333
  1.000107  -0.333349  -1.333333
  1.000107  -0.333349  -1.333333
  1.000107  -0.333349  -1.333333
  1.000107  -0.333349  -1.333333
  1.000107  -0.333349  -1.333333
  1.000107  -0.333349  -1.333333
  1.000107  -0.333349  -1.333333
  1.000107  -0.333349  -1.333333
  1.000107  -0.333349  -1.333333
  1.000107  -0.333349  -1.333333
  1.000107  -0.333349  -1.333333
  1.000107  -0.333349  -1.333333
  1.000107  -0.333349  -1.333333
  1.000107  -0.333349  -1.333333
  1.000107  -0.333349  -1.333333
  1.000107  -0.333349  -1.333333
  1.000107  -0.333349  -1.333333
  1.000107  -0.333349  -1.333333
  1.000107  -0.333349  -1.333333
  1.000107  -0.333349  -1.333333
  1.000107  -0.333349  -1.333333
  1.000107  -0.333349  -1.333333
  1.000107  -0.333349  -1.333333
  1.000107  -0.333349  -1.333333
  1.000107  -0.333349  -1.333333
  1.000107  -0.333349  -1.333333
  1.000107  -0.333349  -1.333333
  1.000107  -0.333349  -1.333333
  1.000107  -0.333349  -1.333333
  1.000107  -0.333349  -1.333333
  1.000107  -0.333349  -1.333333
  1.000107  -0.333349  -1.333333
  1.000107  -0.333349  -1.333333
  1.000107  -0.333349  -1.333333
  1.000107  -0.333349  -1.333333
  1.000107  -0.333349  -1.333333
  1.000107  -0.333349  -1.333333
  1.000107  -0.333349  -1.333333
  1.000107  -0.333349  -1.333333
  1.000107  -0.333349  -1.333333
  1.000107  -0.333349  -1.333333
  1.000107  -0.333349  -1.333333
  1.000107  -0.333349  -1.333333
  1.000107  -0.333349  -1.333333
  1.000107  -0.333349  -1.333333
  1.000107  -0.333349  -1.333333
  1.000107  -0.333349  -1.333333
  1.000107  -0.333349  -1.333333
  1.000107  -0.333349  -1.333333
  1.000107  -0.333349  -1.333333
  1.000107  -0.333349  -1.333333
  1.000107  -0.333349  -1.333333
  1.000107  -0.333349  -1.333333
  1.000107  -0.333349  -1.333333
  1.000107  -0.333349  -1.333333
  1.000046  -0.333349  -1.333333

Resultado Final:
  1.000046  -0.333349  -1.333333

Tempo de execucao: 0 milisegundos.
