 6    7   14      397 0.800 0.010   2.620472   2.620472  -1.615014 0
12    7   14    96610 0.800 0.010   1.975433   1.975433  -1.999396 1920
24    7   14       42 0.800 0.010   1.249764   1.652913  -1.577073 0
12    8   16      484 0.800 0.010   2.590118   2.590118  -1.651761 10
12   16   32      574 0.800 0.010   1.279941   1.599946  -1.609535 20
24    8   16      281 0.800 0.010   2.228706   2.590118  -1.734418 0
24   16   32      502 0.800 0.010   1.959952   1.919951  -1.995194 40
12    7   14       24 0.700 0.010   1.249764   1.652913  -1.577073 0
12    7   14       68 0.600 0.010   1.249764   1.652913  -1.577073 0
24    8   16      400 0.600 0.010   2.309020   2.590118  -1.738626 20
24    8   16      294 0.700 0.010   2.309020   2.590118  -1.738626 10
12    7   14       12 0.800 0.100   1.894803   1.894803  -1.988934 0
12    7   14      120 0.800 0.200   1.975433   1.975433  -1.999396 0
12    7   14      102 0.800 0.400   1.975433   1.975433  -1.999396 0
24    7   14    22109 0.800 0.100   1.975433   1.975433  -1.999396 580
24    7   14       10 0.800 0.200   1.975433   1.975433  -1.999396 0
24    7   14       38 0.800 0.400   1.975433   1.975433  -1.999396 0
